Doe,John WX43098 78 58 86 87 89 98 91 79 80 79 90 98 100 79 87
Abdi,Abdi AQ03928 02 03 04 39 -4 49 02 99 96 73 69 38 10 43 72
Zander,Francis CV982467 87 78 98 99 100 100 100 100 100 100 100 54 68 85 85
Anderson,Zofia QT32032 77 88 55 66 44 87 68 59 98 92 91 94 46 85 79 
Kowalski,Heidi YT10201 99 98 97 69 59 99 100 100 97 86 47 58 87 86 99
Johnson,Jack FA16792 40 20 48 49 85 85 76 24 35 82 44 76 35 58 59
Vazquez,Tony BA40193 -1 0 0 0 0 0 0 0 0 0 0 0 0 0 0
Doe,Mary TI30198 93 29 58 47 93 58 76 02 100 39 88 58 74 29 99
Arc,Jeanne CE01412 97 24 87 63 25 98 100 97 15 00 00 32 58 94 30 
Washington,Griffin ME21875  91 48 76 0 23 91 91 84 95 93 81 76 84 101 7
